1483
0 106
0 109
0 11
0 113
0 120
0 123
0 127
0 134
0 137
0 141
0 145
0 148
0 15
0 151
0 155
0 162
0 165
0 169
0 176
0 179
0 186
0 190
0 193
0 197
0 200
0 204
0 211
0 214
0 218
0 22
0 221
0 228
0 235
0 242
0 249
0 25
0 29
0 32
0 36
0 39
0 43
0 50
0 53
0 54
0 57
0 64
0 67
0 7
0 71
0 78
0 8
0 81
0 85
0 92
0 95
0 99
2 0
2 101
2 103
2 105
2 107
2 109
2 11
2 112
2 116
2 123
2 128
2 13
2 134
2 140
2 142
2 149
2 157
2 160
2 162
2 165
2 166
2 168
2 17
2 170
2 171
2 173
2 175
2 176
2 178
2 181
2 183
2 185
2 187
2 189
2 19
2 190
2 191
2 194
2 197
2 200
2 206
2 209
2 211
2 213
2 216
2 217
2 218
2 222
2 234
2 24
2 241
2 246
2 251
2 264
2 29
2 31
2 33
2 35
2 36
2 38
2 39
2 41
2 42
2 44
2 46
2 52
2 55
2 57
2 60
2 62
2 67
2 69
2 72
2 74
2 79
2 83
2 85
2 88
2 90
2 93
2 95
2 97
2 99
3 0
3 264
4 0
4 264
5 0
5 100
5 104
5 108
5 112
5 121
5 124
5 128
5 138
5 161
5 165
5 167
5 170
5 172
5 175
5 177
5 179
5 182
5 187
5 195
5 201
5 203
5 207
5 214
5 222
5 226
5 23
5 230
5 25
5 255
5 259
5 264
5 35
5 38
5 40
5 55
5 57
5 8
5 89
5 93
5 96
6 0
7 0
8 0
9 0
9 159
9 168
9 173
9 180
9 185
9 33
9 36
9 87
9 94
10 123
10 127
10 159
10 166
10 168
10 171
10 173
10 176
10 178
10 180
10 185
10 194
10 200
10 206
10 213
10 221
10 24
10 33
10 36
10 39
10 54
10 87
10 94
11 123
11 127
11 136
11 159
11 166
11 168
11 171
11 173
11 176
11 178
11 180
11 185
11 190
11 194
11 200
11 202
11 206
11 21
11 213
11 217
11 221
11 224
11 24
11 253
11 33
11 36
11 39
11 46
11 54
11 87
11 94
12 118
12 227
12 256
12 5
15 121
15 124
15 128
15 167
15 172
15 177
15 179
15 195
15 201
15 203
15 207
15 214
15 222
15 230
15 25
15 259
15 40
15 55
15 57
15 8
17 11
17 116
17 13
17 134
17 140
17 142
17 157
17 17
17 19
17 197
17 209
17 211
17 234
17 241
17 246
17 251
17 29
17 31
17 42
17 43
17 44
17 52
17 60
17 62
17 67
17 69
17 72
17 74
17 79
17 83
17 85
18 149
18 191
18 218
18 46
25 100
25 102
25 110
25 115
25 118
25 121
25 123
25 124
25 129
25 13
25 140
25 141
25 142
25 145
25 146
25 147
25 149
25 151
25 152
25 155
25 157
25 160
25 162
25 164
25 165
25 166
25 167
25 169
25 172
25 174
25 177
25 179
25 18
25 182
25 184
25 187
25 189
25 191
25 193
25 199
25 201
25 205
25 206
25 207
25 209
25 21
25 211
25 212
25 214
25 215
25 217
25 219
25 221
25 223
25 225
25 227
25 229
25 23
25 231
25 232
25 236
25 237
25 238
25 241
25 248
25 250
25 26
25 28
25 32
25 34
25 36
25 38
25 40
25 41
25 43
25 45
25 47
25 49
25 55
25 58
25 6
25 65
25 69
25 70
25 80
25 95
25 97
28 0
28 106
28 130
28 132
28 135
28 137
28 152
28 156
28 161
28 173
28 178
28 188
28 192
28 211
28 213
28 220
28 223
28 226
28 231
28 235
28 254
28 258
28 37
28 41
28 45
28 53
28 55
28 73
28 75
29 0
30 0
31 0
31 149
31 38
32 0
32 149
32 152
32 154
32 159
32 171
32 176
32 186
32 209
32 221
32 224
32 229
32 232
32 264
32 38
32 41
32 43
33 0
33 129
33 150
33 154
33 159
33 171
33 176
33 186
33 209
33 212
33 219
33 221
33 224
33 229
33 232
33 240
33 264
33 36
33 39
33 43
33 54
33 77
34 0
34 104
34 120
34 129
34 131
34 134
34 149
34 154
34 159
34 171
34 176
34 186
34 195
34 209
34 212
34 219
34 221
34 224
34 229
34 232
34 240
34 252
34 264
34 36
34 38
34 43
34 51
34 54
34 72
34 77
35 0
35 232
35 255
35 264
36 0
37 0
38 130
38 132
38 135
38 137
38 151
38 213
38 220
38 235
38 258
38 37
38 40
38 55
38 73
38 75
39 241
40 100
40 102
40 110
40 115
40 118
40 13
40 140
40 145
40 165
40 166
40 167
40 169
40 18
40 182
40 184
40 205
40 21
40 215
40 217
40 23
40 237
40 238
40 248
40 250
40 26
40 28
40 32
40 34
40 47
40 49
40 58
40 6
40 70
40 95
40 97
41 121
41 122
41 123
41 141
41 146
41 206
41 233
41 234
41 65
48 10
48 101
48 104
48 106
48 108
48 110
48 112
48 114
48 117
48 119
48 121
48 123
48 125
48 127
48 166
48 168
48 170
48 173
48 175
48 177
48 179
48 181
48 183
48 189
48 202
48 203
48 204
48 206
48 208
48 209
48 210
48 212
48 214
48 215
48 216
48 217
48 22
48 220
48 222
48 224
48 226
48 227
48 229
48 230
48 231
48 233
48 235
48 236
48 238
48 239
48 24
48 240
48 241
48 244
48 246
48 256
48 258
48 26
48 28
48 31
48 33
48 35
48 37
48 42
48 44
48 46
48 47
48 48
48 49
48 51
48 55
48 56
48 57
48 6
48 60
48 67
48 71
48 75
48 87
48 89
48 91
48 93
48 95
48 97
48 99
51 100
51 104
51 106
51 108
51 11
51 110
51 112
51 114
51 117
51 119
51 121
51 123
51 125
51 127
51 13
51 130
51 132
51 134
51 139
51 145
51 151
51 157
51 16
51 164
51 166
51 168
51 170
51 173
51 175
51 177
51 179
51 18
51 181
51 183
51 186
51 193
51 196
51 200
51 208
51 214
51 220
51 223
51 226
51 228
51 23
51 238
51 245
51 251
51 27
51 31
51 35
51 40
51 43
51 60
51 62
51 65
51 67
51 69
51 75
51 78
51 81
51 83
51 88
51 92
51 96
54 233
54 36
55 136
55 206
55 21
55 212
55 224
55 233
55 236
55 243
55 33
55 36
55 41
55 86
56 10
56 103
56 116
56 136
56 165
56 172
56 206
56 21
56 212
56 219
56 222
56 224
56 227
56 234
56 236
56 243
56 30
56 33
56 36
56 41
56 59
56 66
56 74
56 86
57 10
57 103
57 116
57 12
57 129
57 136
57 15
57 165
57 172
57 185
57 191
57 194
57 206
57 21
57 212
57 219
57 222
57 224
57 227
57 233
57 236
57 243
57 252
57 30
57 33
57 36
57 41
57 59
57 63
57 66
57 74
57 77
57 80
57 86
58 136
58 161
58 248
58 36
61 104
61 106
61 108
61 11
61 110
61 112
61 114
61 117
61 119
61 121
61 123
61 125
61 127
61 13
61 130
61 132
61 134
61 139
61 145
61 151
61 157
61 16
61 164
61 166
61 168
61 170
61 173
61 175
61 177
61 179
61 18
61 181
61 183
61 186
61 220
61 223
61 228
61 235
61 251
61 31
61 60
61 62
61 67
61 69
61 75
61 78
61 81
61 83
63 189
63 202
63 210
63 216
63 217
63 230
63 231
63 240
63 241
63 55
63 6
63 71
64 137
64 139
64 141
64 143
64 145
64 147
64 149
64 151
64 153
64 155
64 156
64 158
64 159
64 203
64 38
64 39
64 47
64 48
64 49
64 51
64 56
70 0
71 0
71 107
71 108
71 109
71 11
71 111
71 114
71 115
71 116
71 119
71 120
71 121
71 124
71 125
71 126
71 13
71 131
71 132
71 133
71 136
71 138
71 139
71 142
71 143
71 16
71 18
71 19
71 190
71 193
71 198
71 199
71 201
71 202
71 203
71 204
71 206
71 209
71 21
71 211
71 212
71 215
71 216
71 217
71 221
71 223
71 225
71 227
71 228
71 229
71 23
71 230
71 232
71 234
71 236
71 239
71 240
71 241
71 242
71 248
71 250
71 27
71 29
71 30
71 32
71 33
71 35
71 36
71 38
71 40
71 42
71 43
71 44
71 45
71 50
71 52
71 54
71 58
71 59
71 60
71 67
74 106
74 117
74 122
74 127
74 139
74 143
74 149
74 157
74 165
74 173
74 18
74 181
74 184
74 188
74 191
74 197
74 20
74 211
74 213
74 222
74 227
74 23
74 234
74 236
74 238
74 253
74 256
74 258
74 26
74 29
74 32
74 35
74 37
74 40
74 51
74 57
74 65
74 67
74 69
74 7
74 74
74 82
74 90
74 98
77 100
77 114
77 136
77 145
77 151
77 159
77 167
77 175
77 70
77 76
77 84
77 92
78 100
78 114
78 136
78 139
78 143
78 145
78 151
78 159
78 16
78 167
78 175
78 209
78 21
78 220
78 225
78 232
78 27
78 30
78 33
78 38
78 49
78 54
78 70
78 76
78 84
78 92
79 100
79 114
79 137
79 141
79 145
79 151
79 159
79 16
79 167
79 175
79 19
79 190
79 209
79 21
79 212
79 220
79 225
79 232
79 235
79 27
79 30
79 33
79 36
79 38
79 49
79 54
79 66
79 70
79 76
79 84
79 92
80 101
80 114
80 132
80 136
80 145
80 152
80 16
80 160
80 168
80 176
80 182
80 19
80 190
80 195
80 209
80 21
80 212
80 216
80 220
80 225
80 232
80 235
80 24
80 244
80 252
80 255
80 27
80 30
80 33
80 36
80 38
80 49
80 5
80 54
80 66
80 70
80 77
80 85
80 93
81 145
81 54
81 62
81 70
84 117
84 122
84 127
84 138
84 142
84 191
84 20
84 213
84 236
84 238
84 253
84 256
84 258
84 37
84 57
84 65
84 67
84 69
86 11
86 13
86 193
86 199
86 229
86 230
86 240
86 241
86 242
86 59
86 60
87 100
87 104
87 105
87 111
87 133
87 147
87 149
87 151
87 155
87 157
87 159
87 163
87 165
87 167
87 171
87 173
87 175
87 179
87 180
87 202
87 203
87 204
87 206
87 217
87 42
87 44
87 45
87 55
87 56
87 72
87 74
87 76
87 80
87 82
87 84
87 88
87 90
87 92
87 96
87 98
94 109
94 110
94 111
94 114
94 115
94 116
94 119
94 120
94 121
94 126
94 128
94 130
94 132
94 134
94 135
94 138
94 145
94 149
94 150
94 151
94 158
94 159
94 16
94 161
94 163
94 165
94 174
94 176
94 178
94 18
94 180
94 181
94 184
94 185
94 186
94 188
94 19
94 190
94 193
94 195
94 197
94 200
94 202
94 203
94 21
94 222
94 223
94 224
94 226
94 228
94 229
94 23
94 231
94 232
94 234
94 236
94 238
94 24
94 241
94 243
94 249
94 25
94 256
94 26
94 28
94 29
94 30
94 31
94 34
94 35
94 36
94 37
94 41
94 42
94 43
94 49
94 51
94 52
94 54
94 56
94 60
94 62
94 64
94 66
94 68
94 70
94 72
94 74
94 76
94 78
94 80
94 82
94 89
94 95
97 112
97 117
97 12
97 122
97 126
97 128
97 130
97 135
97 140
97 142
97 169
97 18
97 181
97 195
97 197
97 199
97 20
97 203
97 209
97 217
97 23
97 231
97 234
97 241
97 244
97 246
97 48
97 51
97 56
97 58
97 61
97 65
97 69
97 73
97 77
97 8
97 81
97 95
97 97
100 109
100 132
100 178
100 200
100 205
100 211
100 219
100 226
100 52
101 109
101 12
101 132
101 135
101 148
101 16
101 178
101 181
101 193
101 200
101 203
101 205
101 21
101 211
101 219
101 226
101 229
101 232
101 49
101 5
101 52
101 59
101 8
102 10
102 109
102 125
102 133
102 137
102 16
102 179
102 183
102 19
102 193
102 196
102 201
102 205
102 21
102 211
102 219
102 227
102 229
102 232
102 240
102 243
102 49
102 53
102 55
102 59
102 6
102 94
103 102
103 109
103 125
103 132
103 139
103 152
103 16
103 163
103 167
103 170
103 178
103 19
103 190
103 193
103 196
103 200
103 205
103 21
103 212
103 220
103 226
103 229
103 232
103 240
103 243
103 245
103 42
103 46
103 49
103 52
103 55
103 59
103 94
104 205
107 11
107 112
107 117
107 122
107 126
107 128
107 130
107 134
107 138
107 140
107 142
107 180
107 184
107 197
107 199
107 20
107 202
107 228
107 241
107 244
107 246
107 54
107 56
107 58
107 7
107 95
107 97
109 145
109 159
109 160
109 161
109 186
109 187
109 188
109 223
109 224
109 236
109 238
109 249
109 25
109 26
109 29
109 30
109 31
110 190
110 206
110 207
110 209
110 210
110 211
110 214
110 215
110 217
110 218
110 219
110 256
110 34
110 36
110 37
110 43
110 89
128 109
128 11
128 123
128 137
128 15
128 151
128 165
128 179
128 193
128 221
128 235
128 249
128 25
128 39
128 53
128 67
128 81
128 95